0.9375
0.858255
0.539166
0.765258
0.313637
0.382767
0.277994
0.434311
0.285283
0.886845

0.94
0.232393
0.22405
0.249242
0.806371
0.918111
0.701575
0.272948
0.875849
0.88625

0.9425
0.794534
0.794734
0.764605
0.245507
0.771481
0.435066
0.725969
0.799237
0.356493

0.945
0.682564
0.808997
0.621588
0.210418
0.606303
0.815978
0.200397
0.322107
0.635955

0.9475
0.581966
0.248804
0.633581
0.71567
0.755054
0.739435
0.598459
0.497341
0.816988

0.95
0.573176
0.692159
0.38835
0.673451
0.690666
0.766007
0.343452
0.89888
0.501195

double
0.9375
0.858256
0.539036
0.759127
0.91126
0.864461
0.602032
0.92888
0.480179
0.483074

0.94
0.232395
0.224006
0.247894
0.935281
0.904237
0.226754
0.318808
0.861772
0.430804

0.9425
0.794535
0.794637
0.779351
0.206269
0.895215
0.24578
0.811757
0.907399
0.60649

0.945
0.682558
0.808341
0.597194
0.634546
0.363177
0.203016
0.393695
0.815948
0.20154

0.9475
0.581972
0.249588
0.47671
0.836451
0.456597
0.910713
0.947216
0.422913
0.818777

0.95
0.573174
0.692388
0.335897
0.548805
0.944759
0.841837
0.946353
0.18519
0.226245

