p edge 5 7
e 1 2 -0.06250000000000017
e 2 3 -0.062499999999999924
e 3 4 1.2321428571428568
e 1 5 0.23214285714285735
e 4 5 0.23214285714285712
e 1 3 -1.2946428571428572
e 1 4 1.0
p edge 5 7
e 1 2 -0.06250000000000017
e 2 3 -0.062499999999999924
e 3 4 1.2321428571428568
e 1 5 0.23214285714285735
e 4 5 0.23214285714285712
e 1 3 -1.2946428571428572
e 1 4 1.0
p edge 5 7
e 1 2 -0.06250000000000017
e 2 3 -0.062499999999999924
e 3 4 1.2321428571428568
e 1 5 0.23214285714285735
e 4 5 0.23214285714285712
e 1 3 -1.2946428571428572
e 1 4 1.0
p edge 5 7
e 1 2 -0.06250000000000017
e 2 3 -0.062499999999999924
e 3 4 1.2321428571428568
e 1 5 0.23214285714285735
e 4 5 0.23214285714285712
e 1 3 -1.2946428571428572
e 1 4 1.0
p edge 5 7
e 1 2 -0.06250000000000017
e 2 3 -0.062499999999999924
e 3 4 1.2321428571428568
e 1 5 0.23214285714285735
e 4 5 0.23214285714285712
e 1 3 -1.2946428571428572
e 1 4 1.0
p edge 5 7
e 1 2 -0.06250000000000017
e 2 3 -0.062499999999999924
e 3 4 1.2321428571428568
e 1 5 0.23214285714285735
e 4 5 0.23214285714285712
e 1 3 -1.2946428571428572
e 1 4 1.0
